2 1 2
4
9 2 2 15
10
4
33
1 1 8 1 (2,1)
2 2 5 0
3 3 10 2 (3,1),(2,2)
4 4 12 3 (1,2),(2,3),(1,5)
5 5 11 1 (5,2)
6 6 5 1 (2,6)
7 7 7 0
9 8 9 0
10 9 2 1 (3,6)
11 10 12 1 (1,5)
12 11 20 0 
14 12 6 0
15 13 9 0
16 14 11 0
16 15 12 2 (4,2),(6,6)
17 16 22 1 (2,2)
17 17 10 0
18 18 9 2 (3,3),(2,3)
19 19 10 2 (1,2),(2,3)
19 20 20 1 (5,2)
20 21 3 1 (2,6)
20 22 9 0
21 23 2 1 (1,1)
22 24 1 0 
22 25 15 2 (1,5),(3,6)
23 26 3 0 
24 27 10 1 (6,2)
25 28 9 0
26 29 12 1 (11,1)
26 30 8 2 (4,2),(7,6)
30 31 4 0
31 32 2 1 (11,1)
32 33 8 2 (4,2),(7,6)
3 1
4 5
5 3
7 2
8 6
11 5
13 29
17 12
18 20
20 33
30 26
