3 2 1
3
4 50 2 10
10
4
30
2 1 100 2 (17,6),(25,4)
3 2 70 0
3 3 78 3  (35,6),(46,6),(57,6)
3 4 154 4  (12,2),(20,13),(30,7),(40,10)
7 5 170 1  (20,15)
8 6 20 1  (10,6)
9 7 145 0
15 8 65 0
16 9 245 2  (50,14),(60,13)
19 10 215 0
22 11 110 2 (29,22),(56,9)
22 12 22 0
25 13 87 3  (25,11),(45,15),(61,17)
26 14 55 1  (40,6)
28 15 114 2 (30,12),(50,17)
34 16 27 0
34 17 77 2  (45,12),(61,23)
38 18 178 0 
40 19 157 1 (60,11)
41 20 175 0
42 21 255 0 
45 22 99 2  (55,11),(67,12)
50 23 256 3 (11,23),(34,12),(12,23)
51 24 445 3 (12,3),(23,4),(46,3)
51 25 125 4 (12,12),(45,11),(55,12),(34,33)
53 26 322 1 (12,5)
55 27 211 1 (15,6)
57 28 345 1 (18,7)
58 29 320 2 (19,20),(30,19)
61 30 450 3 (19,56),(30,36),(40,8)
3 1
3 1
4 5
5 3
7 2
8 6
10 4
18 9
20 10
30 13
40 41
45 21
65 31