TT      PID      AT      CT      IO_D      WT      RT      TRT
19      2      4      15      0      0      0      15
19      12      19      0      0      0      0      0
25      1      3      10      2      12      0      22
0      11      6      13      0      0      19      0
0      13      27      9      0      0      0      0
33      8      11      12      0      10      0      22
33      16      33      0      0      0      0      0
0      15      30      13      0      0      0      0
37      6      9      14      0      14      0      28
49      14      28      8      0      13      20      21
55      9      14      11      5      30      11      41
56      5      8      12      0      36      19      48
56      19      56      0      0      0      0      0
57      7      10      13      6      34      5      47
57      18      55      2      0      2      0      2
57      20      56      1      0      1      0      1
59      4      8      16      6      35      0      51
0      17      40      1      0      0      20      0
0      21      61      2      0      0      0      0
62      3      5      17      4      40      0      57
63      10      15      14      2      34      14      48

Processes: 21
Avg WT= 12.4286   Avg RT= 5.14286   Avg TRT=19.1905
Migration%:    RTF=0%    MaxW=0%
Work Steal%: 4.7619%
Forked Process: 52.381%
Killed Process: 23.8095%


Processors: 8 [ 4 FCFS, 1 SJF, 3 RR ]
Processors Load: 
P1=3.72208%, P2=9.42928%, P3=1.24069%, P4=2.72953%, P5=2.97767%, P6=1.24069%, P7=10.9181%, P8=2.72953%
Processor Utilization: 
P1=57.6923%, P2=84.4444%, P3=45.4545%, P4=44%, P5=46.1538%, P6=19.2308%, P7=83.0189%, P8=42.3077%
Avg Utilization = 52.7878%
