TT      PID      AT      CT      IO_D      WT      RT      TRT
5      1      4      10      0      0      0      1
38      7      12      13      10      13      0      26
41      2      6      15      0      20      0      35
41      16      13      8      0      28      0      28
41      17      15      6      0      26      0      26
55      6      11      14      0      30      30      44
61      11      18      20      0      23      23      43
66      15      26      16      0      24      14      40
75      13      23      19      0      33      27      52
90      9      15      11      5      64      55      75
106      8      14      12      0      80      0      92
106      18      98      8      0      8      0      8
106      19      100      6      0      6      0      6
117      14      25      27      2      65      45      92
125      3      7      17      4      101      0      118
143      5      10      12      0      121      0      133
0      20      112      5      0      0      56      0
0      21      113      4      0      0      55      0
0      22      177      1      0      0      0      0
178      4      9      16      3      153      0      169
179      12      20      18      0      141      35      159
186      10      17      14      2      155      90      169

Processes: 22
Avg WT= 49.5909   Avg RT= 19.5455   Avg TRT=59.8182
Migration%:    RTF=4.54545%    MaxW=54.5455%
Work Steal%: 68.1818%
Forked Process: 31.8182%
Killed Process: 22.7273%


Processors: 5 [ 1 FCFS, 1 SJF, 3 RR ]
Processors Load: 
P1=4.33131%, P2=3.49544%, P3=4.93921%, P4=2.73556%, P5=1.59574%
Processor Utilization: 
P1=62.6374%, P2=73.0159%, P3=56.5217%, P4=53.7313%, P5=34.4262%
Avg Utilization = 56.0665%
