TT      PID      AT      CT      IO_D      WT      RT      TRT
5      3      3      10      0      0      0      2
7      2      2      5      0      0      0      5
8      6      6      5      0      0      0      2
10      1      1      8      1      1      0      9
12      9      10      2      0      0      0      2
27      14      16      11      0      0      0      11
0      34      29      9      0      0      10      0
40      28      25      9      0      6      6      15
40      29      26      12      0      2      0      14
41      23      21      2      0      18      1      20
43      21      20      3      0      20      0      23
0      35      44      3      0      0      0      0
49      26      23      3      0      23      16      26
0      36      51      7      0      0      0      0
51      12      14      6      0      31      2      37
55      24      22      1      0      32      3      33
56      32      31      2      0      23      8      25
57      31      30      4      0      23      0      27
57      8      9      9      0      39      0      48
57      13      15      9      0      33      1      42
58      7      7      7      0      44      0      51
68      25      22      15      5      31      3      46
69      11      12      20      0      37      0      57
72      22      20      9      0      43      1      52
73      15      16      12      2      45      17      57
0      37      74      3      0      0      0      0
77      18      18      9      3      50      0      59
77      19      19      10      2      48      3      58
81      4      4      12      7      65      0      77
81      38      81      0      0      0      0      0
83      33      32      8      2      43      7      51
86      10      11      12      5      63      1      75
86      20      19      20      0      47      20      67
88      30      26      8      0      54      13      62
90      27      24      10      2      56      0      66
92      17      17      10      0      65      6      75
93      5      5      11      0      77      0      88
94      16      17      22      2      55      0      77

Processes: 38
Avg WT= 28.2632   Avg RT= 3.10526   Avg TRT=35.7632
Migration%:    RTF=289.474%    MaxW=557.895%
Work Steal%: 407.895%
Forked Process: 13.1579%
Killed Process: 7.89474%


Processors: 5 [ 1 FCFS, 2 SJF, 2 RR ]
Processors Load: 
P1=4.41501%, P2=4.63576%, P3=4.41501%, P4=2.94334%, P5=4.63576%
Processor Utilization: 
P1=82.1918%, P2=88.7324%, P3=77.9221%, P4=61.5385%, P5=77.7778%
Avg Utilization = 77.6325%
