TT      PID      AT      CT      IO_D      WT      RT      TRT
7      2      2      5      0      0      0      5
11      5      5      11      0      5      2      6
12      9      10      2      0      0      0      2
15      7      7      7      0      1      1      8
0      34      8      10      0      0      2      0
16      1      1      8      1      7      0      15
24      24      22      1      0      1      1      2
30      23      21      2      1      7      3      9
31      12      14      6      0      11      3      17
34      18      18      9      3      7      0      16
35      21      20      3      0      12      8      15
35      13      15      9      0      11      1      20
35      35      27      4      0      8      0      8
40      29      26      12      1      2      1      14
40      36      40      0      0      0      0      0
44      26      23      3      0      18      0      21
52      32      31      2      0      19      7      21
52      19      19      10      2      23      8      33
55      31      30      4      0      21      0      25
58      22      20      9      0      29      15      38
63      11      12      20      0      31      0      51
67      28      25      9      0      33      2      42
0      37      69      3      0      0      0      0
69      6      6      5      6      58      2      63
72      3      3      10      1      59      0      69
79      17      17      10      0      52      15      62
0      38      83      1      0      0      0      0
83      33      32      8      2      43      6      51
84      14      16      11      0      57      0      68
84      8      9      9      0      66      0      75
87      27      24      10      2      53      3      63
89      30      26      8      0      55      5      63
91      15      16      12      0      63      21      75
92      25      22      15      5      55      5      70
92      4      4      12      7      76      0      88
92      39      92      0      0      0      0      0
93      20      19      20      2      54      3      74
94      10      11      12      5      71      0      83
99      16      17      22      2      60      1      82

Processes: 39
Avg WT= 27.3846   Avg RT= 2.94872   Avg TRT=34.7179
Migration%:    RTF=174.359%    MaxW=300%
Work Steal%: 287.18%
Forked Process: 15.3846%
Killed Process: 12.8205%


Processors: 5 [ 1 FCFS, 2 SJF, 2 RR ]
Processors Load: 
P1=4.57903%, P2=5.09601%, P3=4.06204%, P4=5.24372%, P5=2.43722%
Processor Utilization: 
P1=84.9315%, P2=87.3418%, P3=69.6203%, P4=80.6818%, P5=49.2537%
Avg Utilization = 74.3658%
