TT      PID      AT      CT      IO_D      WT      RT      TRT
0      31      12      61      0      0      7      0
0      32      16      57      0      0      8      0
0      33      29      232      0      0      1      0
108      6      8      20      6      80      1      100
0      40      93      35      0      0      21      0
115      45      115      34      0      0      0      0
0      35      38      223      0      0      4      0
0      42      102      157      0      0      13      0
0      44      111      302      0      0      4      0
115      12      22      22      0      71      0      93
0      36      53      85      0      0      65      0
0      37      65      135      0      0      53      0
0      38      69      131      0      0      49      0
0      39      83      308      0      0      35      0
0      41      95      33      0      0      23      0
0      43      106      153      0      0      12      0
0      46      118      255      0      0      0      0
0      48      135      202      0      0      1      0
142      16      34      27      0      81      81      108
0      34      32      80      0      0      74      0
0      49      164      189      0      0      0      0
0      47      132      205      0      0      37      0
0      50      175      38      0      0      0      0
205      8      15      65      0      125      30      190
0      51      203      118      0      0      6      0
0      52      209      98      0      0      0      0
234      17      34      77      0      123      84      200
238      14      26      55      0      157      34      212
0      53      267      429      0      0      0      0
267      3      3      78      0      186      0      264
282      1      2      100      6      180      0      280
0      54      289      76      0      0      0      0
327      2      3      70      0      254      0      324
0      55      339      98      0      0      0      0
0      56      358      94      0      0      2      0
0      57      360      233      0      0      0      0
0      58      380      38      0      0      0      0
421      13      25      87      11      309      26      396
0      59      423      321      0      0      1      0
0      60      463      21      0      0      0      0
0      61      475      50      0      0      0      0
489      22      45      99      0      345      62      444
495      15      28      114      0      353      46      467
0      62      511      101      0      0      0      0
511      11      22      110      0      379      42      489
0      63      519      113      0      0      3      0
0      64      530      111      0      0      1      0
0      65      576      84      0      0      0      0
0      67      594      274      0      0      1      0
0      66      593      271      0      0      5      0
615      25      51      125      12      439      56      564
650      4      3      154      9      493      0      647
0      68      664      384      0      0      0      0
671      5      7      170      15      494      1      664
0      69      691      387      0      0      2      0
0      70      693      152      0      0      0      0
705      7      9      145      0      551      3      696
0      71      709      376      0      0      1      0
762      19      40      157      0      565      42      722
790      20      41      175      0      574      15      749
850      18      38      178      0      634      43      812
0      72      877      231      0      0      0      0
880      27      55      211      6      614      22      825
0      73      948      16      0      0      2      0
955      21      42      255      0      658      0      913
969      10      19      215      0      735      2      950
1021      9      16      245      0      760      0      1005
1164      23      50      256      46      858      67      1114
1298      29      58      320      20      920      13      1240
1310      26      53      322      5      935      49      1257
1371      28      57      345      7      969      10      1314
1395      30      61      450      64      884      57      1334
1410      24      51      445      6      914      73      1359

Processes: 73
Avg WT= 200.548   Avg RT= 17.6712   Avg TRT=270.301
Migration%:    RTF=0%    MaxW=2771.23%
Work Steal%: 2836.99%
Forked Process: 58.9041%
Killed Process: 1.36986%


Processors: 6 [ 2 FCFS, 3 SJF, 1 RR ]
Processors Load: 
P1=5.27063%, P2=4.8804%, P3=5.18954%, P4=2.8431%, P5=2.60997%, P6=5.35171%
Processor Utilization: 
P1=93.6094%, P2=89.5814%, P3=90.2203%, P4=49.5146%, P5=46.9891%, P6=94.7935%
Avg Utilization = 77.4514%
